0100091 1 3504 2061 0 2247 876 0 0 7113 1284 2919 2259 432 144 1479 885 1122 585 699 4830 2277 6696 1875 5277 0 0
0100102 1 2820 1350 0 1839 663 0 0 5727 1020 2376 1839 327 108 858 690 1059 411 537 3561 1797 5358 1716 3924 0 0
0100103 1 3147 1308 0 1548 420 0 0 5436 807 1785 2133 327 141 864 615 1053 468 444 2976 2355 5313 1902 4134 0 0
0100117 1 2715 1146 0 1395 513 0 0 5172 1107 1839 2007 297 96 837 345 780 354 759 2973 1713 5034 2133 3849 0 0
0100141 1 3234 1775 0 2061 863 0 0 6212 1038 2707 2058 279 135 1281 909 915 378 681 4267 1947 5925 1755 5030 0 0
0100143 1 4455 2058 0 2238 1065 0 0 8799 1386 3090 2808 423 222 1611 1365 1191 582 798 5124 2901 7776 2331 5895 0 0
0100155 1 8604 3261 0 2580 2685 0 0 17553 2766 6213 5601 261 123 1911 1923 2073 777 1857 8385 5892 13740 5499 8985 0 0
0100163 1 10119 4053 0 5322 1632 0 0 18120 2880 6411 5961 840 501 3078 2916 3849 1416 1098 10329 6720 17427 5136 13491 0 0
0100164 1 3032 1290 0 1719 591 0 0 5349 814 2415 1691 168 198 768 963 1059 306 376 3351 2288 5238 1764 4439 0 0
0100165 1 2763 1329 0 1284 945 0 0 5484 813 2145 2049 240 96 885 606 903 519 378 3270 1812 4689 1515 3804 0 0
0100166 1 4536 1992 0 3531 828 0 0 8544 1401 3507 3129 471 249 1611 1026 1308 693 921 5589 2793 8934 2157 6507 0 0
0100167 1 11001 4910 0 5415 2334 0 0 20954 3615 7730 8037 537 570 2904 2601 3291 1899 2100 11171 7455 18855 6453 14121 0 0
0100190 1 2874 1077 0 1542 450 0 0 4761 579 1467 1725 285 99 741 954 879 543 333 2493 2124 4779 1152 3777 0 0
0100194 1 3963 1449 0 1707 873 0 0 7452 1461 2943 2274 228 165 963 1014 1410 453 633 4134 2811 6825 2232 4617 0 0
0100257 1 11886 4584 0 6815 3465 0 0 22068 3039 7959 6182 1431 912 4434 3783 3840 1620 1425 13824 7578 20636 4749 15233 0 0
0100258 1 2745 1563 0 2295 624 0 0 5004 441 2826 1203 273 474 876 1101 807 387 177 3975 1149 4995 447 4293 0 0
0100259 1 11139 5193 0 4575 2403 0 0 19674 2178 6201 5988 1089 321 2958 4338 3621 1812 1332 10248 6888 16761 3318 12612 0 0
0100261 1 15996 4548 0 5790 2649 0 0 26040 3393 8115 8742 861 570 3240 4179 5391 1188 2097 12216 8832 24396 6567 16005 0 0
0100262 1 7050 4295 0 3891 1746 0 0 12855 1983 5634 4719 660 702 2555 2067 1503 1305 1089 8849 4473 12132 3060 10529 0 0
0100263 1 8901 3630 0 4955 1683 0 0 16869 3384 6911 3849 654 570 2577 3489 2442 1005 1725 10142 5922 16487 4347 11780 0 0
0100264 1 3852 1470 0 966 534 0 0 5820 855 1659 2253 24 237 792 1293 777 909 66 2475 2922 5436 1638 4902 0 0
0100265 1 5814 3399 0 3303 1653 0 0 11982 1758 4722 2970 819 456 2421 1791 2316 1026 708 7962 4440 10281 2913 7809 0 0
0100267 1 9219 3684 0 4293 1485 0 0 14868 1812 5382 4521 861 1053 1902 2415 2781 810 1431 8145 4725 13782 2913 11136 0 0
0100271 1 4755 1584 0 1683 819 0 0 7551 1134 2496 2706 246 267 975 1800 939 837 180 3717 3081 7287 1944 6240 0 0
0100272 1 9639 3684 0 5256 1779 0 0 17439 2790 6387 5151 909 954 2484 2481 3528 1272 1497 9780 5589 16587 4263 11577 0 0
0100273 1 12255 3900 0 4599 1791 0 0 20352 3081 6588 6342 807 495 2604 3483 4164 1230 1395 9999 6690 19404 4779 13458 0 0
0100274 1 12363 5004 0 5718 3570 0 0 24408 4113 7419 7587 1278 1299 4161 4029 3456 1659 1719 12858 8076 20706 7059 14646 0 0
0100275 1 4755 1767 0 2409 1290 0 0 8763 1140 3225 2616 522 519 1320 1098 1560 519 501 5067 2844 7731 2010 5415 0 0
0100276 1 2328 1227 0 1677 522 0 0 4125 294 2064 1062 360 354 639 993 534 204 42 3063 669 3915 264 3435 0 0
0100277 1 4818 1619 0 1278 1038 0 0 7767 1056 2310 2213 39 210 1167 1890 1152 890 264 3516 3236 6888 1776 6053 0 0
0100278 1 24636 11655 0 12570 4899 0 0 45846 7950 16842 14358 2616 1575 7632 7464 6762 3516 4725 27090 14127 43185 10791 31959 0 0
0100279 1 11661 4482 0 5730 2460 0 0 21246 3441 8109 4380 1179 858 3717 4074 4515 1206 1413 13005 7341 19833 4674 14055 0 0
0100280 1 15488 5859 0 7185 2481 0 0 26963 4203 8673 8054 1530 879 4527 5193 4482 2148 1641 14730 10251 25883 6978 19133 0 0
0100283 1 6852 2661 0 3657 1395 0 0 11841 1563 4173 3180 714 1065 1866 1554 1803 738 1470 6753 3465 10944 2466 8094 0 0
0100284 1 11808 4563 0 7281 3216 0 0 21912 2895 8211 6081 1674 1089 4158 2814 4305 1182 1779 14043 6348 20700 4263 14679 0 0
0100285 1 7113 4131 0 3507 1557 0 0 12552 1185 4320 4305 717 399 2247 2367 2511 1362 690 7284 4803 10779 2085 9114 0 0
0100286 1 4191 1974 0 2703 1164 0 0 7776 762 3522 2412 615 609 897 1044 1605 513 318 5034 2658 7008 1539 5655 0 0
0100287 1 4968 1770 0 2094 828 0 0 7752 858 3069 2541 207 405 987 1881 978 672 81 4263 2343 7515 1257 6264 0 0
0100288 1 12506 5757 0 7146 2580 0 0 23120 3489 9261 7398 930 936 3957 3207 4599 1515 1949 14148 7848 21971 5883 16383 0 0
0100290 1 8025 3861 0 3669 1263 0 0 13050 1662 5010 4680 525 1236 1872 1935 2001 858 1161 7407 4104 11688 2670 10038 0 0
0100291 1 10698 4338 0 5748 2166 0 0 18969 2436 6489 7437 1101 957 3159 2493 2742 1506 1116 10749 6039 17589 4089 14043 0 0
0100292 1 6063 3024 0 3318 1332 0 0 10734 1536 4041 3120 693 594 2091 2199 1932 966 726 6825 3822 10200 2403 8784 0 0
0100293 1 8804 3573 0 5178 1725 0 0 16814 3162 6696 3888 873 378 2640 3023 2568 960 2073 10209 5598 16550 4185 11180 0 0
0100295 1 26955 11667 0 12003 5781 0 0 48570 7314 16794 14820 2643 2445 7821 8685 7560 3483 3459 27258 16509 43584 11907 32289 0 0
0100297 1 4497 1680 0 2058 888 0 0 7416 672 2610 2190 627 501 846 1092 1695 477 174 4083 2916 6726 1497 5133 0 0
0100300 1 12938 4251 0 7725 3375 0 0 23204 3150 8634 6297 1668 1242 3924 3075 5046 1287 1895 14226 7548 22310 4344 15219 0 0
0100302 1 13715 6342 0 7038 2745 0 0 25754 4209 9756 6954 1038 666 4092 4707 4304 1701 2760 14886 8916 23885 6366 16922 0 0
0100303 1 12579 5283 0 6111 2274 0 0 24264 4347 8232 5865 1434 504 3939 4101 3858 1614 2679 13605 6822 22407 5694 14505 0 0
0100304 1 6837 3288 0 3879 1206 0 0 11673 1527 4440 3636 732 1107 1989 1704 1902 684 1179 7161 3621 10785 2481 9090 0 0
0100305 1 17636 5238 0 6195 3969 0 0 31565 4905 8571 8208 1587 1095 4530 6093 4851 1716 2927 14688 10182 27422 8094 17856 0 0
0100306 1 3291 1278 0 792 438 0 0 4956 678 1527 1935 33 234 576 1050 606 612 66 2136 2013 4503 1287 4170 0 0
0100308 1 13200 8328 0 6969 3657 0 0 25956 3849 11385 8322 1125 984 4839 3771 4074 2550 1869 17349 8859 22767 5712 18240 0 0
0100309 1 10830 4665 0 5034 2298 0 0 19617 3198 7116 5649 1305 666 3081 3408 3330 1116 1542 11502 6339 18225 4974 13929 0 0
0100310 1 6831 2649 0 3408 1185 0 0 11451 1293 3426 3084 909 465 2088 2283 2532 1017 555 6423 5211 10965 2889 8391 0 0
0100311 1 6033 2370 0 3222 1818 0 0 11202 1548 4632 2985 711 660 1881 1404 2412 504 528 7224 3672 10098 2541 7101 0 0
0100312 1 16398 3945 0 8883 3006 0 0 26388 3039 8562 8085 1833 1185 4344 3558 5973 1089 1953 14739 9330 26730 5592 17934 0 0
0100314 1 12243 5114 0 4983 2544 0 0 20040 1719 6486 5886 1110 345 3251 4494 3996 1428 1047 10847 7659 17895 3054 13565 0 0
0100316 1 7040 2958 0 2946 1293 0 0 11399 1707 4842 3908 264 645 1554 2553 1530 1179 267 6660 3606 11036 2103 9443 0 0
0100317 1 16710 5223 0 6042 2439 0 0 26421 3417 8538 8004 879 729 3342 4659 5838 1302 2313 12759 9300 25176 6060 17340 0 0
0100318 1 8577 4422 0 5358 1800 0 0 15033 1908 5841 5508 942 1206 2826 2202 2313 1356 1266 9609 5097 14274 3150 12150 0 0
0100319 1 13554 7415 0 5928 3339 0 0 25365 3618 10175 7965 1113 873 4389 4131 4053 2067 1830 15677 8811 21951 6267 17093 0 0
0100320 1 9828 4038 0 4257 2226 0 0 17622 2277 5862 4215 960 654 3138 3603 3768 1335 918 9960 6756 15471 3696 11373 0 0
0100322 1 21 18 0 15 0 0 0 27 3 18 6 12 0 6 0 3 0 0 36 15 39 12 45 0 0
0100326 1 8073 3887 0 4827 1743 0 0 15437 2448 5643 4658 1107 543 2721 2409 2988 1469 1179 9471 6254 14562 4653 11223 0 0
0100328 1 17609 8050 0 9369 3672 0 0 34663 6387 13090 9321 1743 861 5832 5574 5175 2577 3680 20665 10536 32183 8835 22436 0 0
0100329 1 21347 10569 0 11177 5160 0 0 37898 4473 13904 12555 1977 1227 7083 6588 7380 3525 2627 22964 13602 34570 8088 28652 0 0
0100330 1 2646 1434 0 1206 642 0 0 4875 666 1821 1587 147 12 942 444 1029 495 504 2910 1566 4452 1227 3402 0 0
0100331 1 3141 1617 0 1968 909 0 0 6537 1044 2421 2064 207 111 1347 978 1041 570 486 3975 2199 5745 1599 4320 0 0
0100332 1 3510 1629 0 2208 600 0 0 6324 999 2253 2031 525 144 1209 741 1044 405 870 3987 2052 6396 1749 4962 0 0
0100333 1 3705 1704 0 1920 756 0 0 6411 1005 2409 2121 231 252 1200 990 1131 615 828 3840 2415 6294 1824 5178 0 0
0100334 1 3120 1245 0 1617 498 0 0 5556 720 1782 2100 156 117 783 843 783 399 648 2721 1821 5028 1395 3726 0 0
0100335 1 3774 1401 0 2244 798 0 0 6774 957 2799 1836 324 132 1059 1365 1224 438 465 4182 2448 6720 1983 5325 0 0
0100336 1 3660 1599 0 2643 699 0 0 7711 1558 2895 2289 429 93 1599 816 1299 609 700 4923 2310 7687 2203 4818 0 0
0100337 1 2715 1290 0 1608 600 0 0 5346 993 2163 1611 108 120 951 888 855 324 585 3222 1887 4974 1713 3858 0 0
0100338 1 3630 1344 0 1761 615 0 0 6354 1203 2010 2586 294 192 948 603 1257 531 630 3252 2724 6273 2394 4614 0 0
0100342 1 3372 1431 0 1914 657 0 0 6204 975 2316 1887 291 81 1083 1311 810 582 486 3690 2469 5994 1806 4626 0 0
0100343 1 2595 1377 0 1836 579 0 0 4980 756 1821 1689 297 147 1191 798 948 633 351 3309 2037 4941 1443 4134 0 0
0100344 1 4577 1983 0 2538 1065 0 0 8567 1398 3567 3153 237 288 1263 1196 1272 585 633 5067 2810 7934 2436 6314 0 0
0100345 1 3918 1563 0 2325 1002 0 0 7443 1356 2943 2475 498 165 1416 1128 1137 627 564 4857 2547 7347 2085 5595 0 0
0100346 1 3321 1233 0 1974 882 0 0 6630 1149 2184 2085 333 108 1311 783 1089 438 870 3828 1986 6174 1938 4194 0 0
0100347 1 3654 1224 0 2031 909 0 0 6942 1287 2661 1920 204 255 1215 858 1500 396 684 4080 2268 6570 1893 4533 0 0
0100348 1 3228 1551 0 2022 603 0 0 6246 1365 2334 2088 300 255 1242 852 951 603 645 3876 2253 6099 1935 4470 0 0
0100349 1 3063 1110 0 1557 672 0 0 5736 1128 1947 1608 228 225 969 849 1017 306 690 3144 1926 5355 1800 3888 0 0
0100350 1 4506 1707 0 2598 1002 0 0 8478 1476 3027 2619 447 162 1407 1656 981 558 714 4881 2775 7998 2397 5778 0 0
0100353 1 3885 1731 0 2376 1011 0 0 7416 1125 3033 2028 321 207 1344 1470 813 576 864 4698 2343 7029 1758 5475 0 0
0100354 1 4296 2073 0 2373 1054 0 0 8143 1356 3187 2766 324 171 1431 1365 1233 714 666 4942 3069 7740 2310 5985 0 0
0100355 1 3693 1458 0 1962 606 0 0 7080 1119 2400 2304 351 63 1128 1248 1311 543 411 3879 2814 6540 2094 4572 0 0
0100888 1 2208 1035 0 1650 524 0 0 4319 984 1763 1410 312 192 1065 594 627 339 447 3140 1527 4476 1566 3591 0 0
0100999 1 1853 1134 0 1521 446 0 0 3895 645 1772 1325 360 222 633 615 426 282 333 2765 1395 3656 1176 3119 0 0
0101043 1 4545 1440 0 1749 1134 0 0 8076 1119 2397 2136 405 264 1239 1428 1431 510 726 4041 2592 7044 1857 4935 0 0
0101103 1 2244 798 0 1614 627 0 0 4467 714 1818 1386 231 162 753 714 639 300 441 2802 1440 4311 1137 3171 0 0
0101105 1 3105 1263 0 1761 645 0 0 5829 831 2202 1653 264 87 834 1155 1077 417 393 3300 2016 5373 1359 3975 0 0
0101106 1 3549 1377 0 2262 765 0 0 6744 1257 2415 2289 306 201 1146 1023 1167 531 759 3867 2208 6549 1818 4911 0 0
0101107 1 3711 1335 0 2178 729 0 0 6576 1125 2421 2448 450 159 1017 789 1548 603 519 3888 2268 6702 1743 5112 0 0
0101108 1 1440 816 0 807 306 0 0 2871 633 1278 1116 84 48 528 237 453 294 300 1890 942 2766 1011 2049 0 0
0101109 1 1401 672 0 960 306 0 0 2691 369 882 1017 33 42 561 378 399 342 297 1476 1182 2538 834 2013 0 0
0101110 1 2343 1059 0 1657 762 0 0 4393 549 2004 1392 153 63 1090 486 1155 438 204 3247 1809 4429 1141 3384 0 0
0101111 1 2922 1797 0 1857 786 0 0 6372 1191 2589 1710 279 132 1224 1134 936 561 429 4092 2163 5676 1605 4224 0 0
0101113 1 4731 2091 0 2250 1002 0 0 8388 1407 3072 2793 360 180 1287 1392 1650 834 873 4719 3201 8079 2505 6414 0 0
0102082 1 4110 2097 0 2121 666 0 0 7722 1377 3141 2076 273 147 1155 1194 1473 633 783 4569 2700 7233 1950 5061 0 0
0102086 1 2496 1059 0 2019 510 0 0 4878 726 1812 1692 378 36 1095 525 975 312 489 3285 1605 5091 1353 3411 0 0
0102088 1 4557 1581 0 2163 1134 0 0 8031 1299 2568 2397 360 216 1563 1422 1539 672 651 4491 3198 7539 1824 5439 0 0
0102089 1 2991 1587 0 1350 738 0 0 5676 951 2229 1785 192 123 861 879 828 447 609 3282 2004 4983 1683 3945 0 0
0102090 1 1881 756 0 1170 363 0 0 3390 540 1206 1191 99 69 663 624 357 279 291 1968 1125 3369 960 2652 0 0
0102091 1 2907 1605 0 1581 918 0 0 5709 807 2034 1914 159 198 1053 942 915 834 387 3246 2304 4851 1152 3972 0 0
0102093 1 3603 1650 0 1875 1095 0 0 6996 1086 2520 2139 264 486 1125 1101 1011 573 738 3909 1890 5967 1443 4743 0 0
0102094 1 3216 1677 0 1965 843 0 0 6306 1110 2640 1803 222 270 1347 816 1116 549 492 4209 2199 5946 1407 4371 0 0
0102095 1 1947 657 0 1125 201 0 0 3915 792 1119 837 180 3 852 768 648 204 321 2151 1515 3792 1149 2247 0 0
0102096 1 903 378 0 555 183 0 0 1470 207 753 723 18 45 156 90 426 156 177 927 621 1548 519 1377 0 0
0102097 1 1851 585 0 1287 321 0 0 3612 663 1416 1398 177 93 459 369 723 288 351 2052 1311 3645 1248 2529 0 0
0102098 1 2682 1473 0 1803 714 0 0 5223 927 2598 1857 195 159 1062 708 675 396 369 3855 1575 5094 1347 4191 0 0
0102099 1 1911 1095 0 1230 516 0 0 3783 690 1509 1461 102 141 804 450 480 537 402 2415 1308 3573 1185 3063 0 0
0102100 1 2907 1344 0 2019 528 0 0 5238 756 2253 1707 282 102 1092 723 879 525 402 3627 1938 5487 1392 4398 0 0
0102201 1 3426 1542 0 1827 576 0 0 6231 1041 2205 1920 192 108 1242 1212 858 513 618 3639 2487 6039 1545 4554 0 0
0102202 1 3252 1674 0 1842 810 0 0 6345 771 2694 1728 201 24 1059 1179 969 387 537 3954 2127 5658 1395 4107 0 0
0102203 1 1302 534 0 945 171 0 0 2382 432 753 924 135 75 528 381 387 285 252 1416 975 2574 771 1917 0 0
0102205 1 4665 1821 0 2595 1200 0 0 8766 1698 3252 3042 483 378 1635 1056 1713 687 753 5370 3075 8487 2838 6561 0 0
0102207 1 2349 1143 0 1680 690 0 0 4956 942 2313 1593 99 207 864 498 975 387 522 3276 1650 4641 1515 3258 0 0
0102209 1 1701 894 0 1179 546 0 0 3462 627 1452 1326 156 99 663 276 459 276 438 2271 1056 3177 975 2568 0 0
0102210 1 2355 1074 0 1545 504 0 0 4539 861 1581 1479 183 51 993 792 648 384 462 2757 1458 4479 1350 3396 0 0
0001086 0 2127 987 0 1455 459 0 0 4404 906 1776 1389 204 39 795 597 642 372 447 2775 1467 4317 1347 2859 0 0
0000130 0 3402 1380 0 2055 675 0 0 5997 810 1911 2367 330 186 1029 774 1212 702 546 3270 2355 5946 1755 4536 0 0
0000131 0 2289 1170 0 1104 486 0 0 3963 564 1458 1515 117 144 753 651 786 312 345 2328 1569 3726 1080 3402 0 0
0000134 0 2451 1101 0 1635 321 0 0 4401 699 2157 1431 156 195 576 546 984 222 321 2889 1611 4467 1407 3522 0 0
0000192 0 2616 963 0 1365 561 0 0 4488 699 1743 1581 171 33 696 777 969 384 444 2610 2001 4515 1458 3522 0 0
0000195 0 1317 605 0 1125 447 0 0 2651 471 1310 1011 216 108 495 234 498 219 195 2021 936 2757 870 2280 0 0
0002001 0 2688 1161 0 1644 741 0 0 5067 729 2022 1497 333 120 717 882 939 498 420 3072 1932 4824 1479 3834 0 0
0200116 2 29481 10511 0 15108 5688 0 0 51323 7328 17615 15536 3105 2175 8037 7974 9441 3389 4530 28757 17423 49007 13137 36218 0 0
0200117 2 17696 7833 0 9963 2913 0 0 31739 5181 11256 9953 2448 1740 5100 4290 5844 2646 3078 18804 10457 30782 8384 23402 0 0
0200118 2 12984 5922 0 8937 2802 0 0 24349 4141 10588 7695 1239 1800 4638 3084 3897 1455 1920 16465 7305 23740 6090 18078 0 0
0200119 2 19071 8946 0 10329 3519 0 0 34761 5178 12906 10044 1632 1224 6372 5490 5871 2820 3831 20910 11499 32787 8370 23028 0 0
0200120 2 14922 6440 0 9081 3486 0 0 28359 4311 10065 9470 1164 1737 4992 3321 4524 2474 3045 16221 8291 26022 7200 19058 0 0
0200121 2 42849 16925 0 21330 11067 0 0 78263 12450 30296 25230 3510 2418 12261 11373 12399 5202 7629 46067 25329 73017 19551 52740 0 0
0200122 2 26762 10776 0 13539 4560 0 0 50904 10999 19351 14205 2310 1251 7521 6987 7704 3651 6029 29182 15330 49224 12276 31128 0 0
0200123 2 21237 9303 0 12885 5181 0 0 41328 5961 16221 11547 3018 1506 6525 6069 7485 2742 2772 25764 12756 37677 8724 26550 0 0
0200124 2 25119 9761 0 12402 5277 0 0 47121 8724 18965 13461 2808 1923 6186 6018 9159 2571 3408 27959 14610 43830 11877 30302 0 0
0200125 2 31296 14949 0 18174 6519 0 0 59813 9353 24099 15195 2811 3354 10425 9507 9333 3999 5921 37335 18135 54410 11948 38373 0 0
0200126 2 18438 7059 0 9224 3258 0 0 33177 4746 12243 9795 1277 1449 4968 4980 5607 2196 2403 18488 9720 30749 7032 21632 0 0
0200127 2 18840 11847 0 14357 5138 0 0 39257 6768 18173 12636 2226 2394 7412 4761 5247 4179 3687 27811 12438 37073 9717 29741 0 0
0200128 2 32214 13877 0 15357 7374 0 0 61771 10423 21363 18747 4080 2001 10023 9192 10080 4086 4209 35466 18306 54925 12738 37409 0 0
0200129 2 10581 4094 0 6483 1947 0 0 19376 2610 7358 4359 1803 1083 2814 1884 4332 870 1896 11975 5847 18288 3972 11892 0 0
0200130 2 18246 8509 0 11183 4179 0 0 36262 6179 13153 12272 1965 1494 6488 4701 6105 3038 2958 21606 11354 33106 7908 22024 0 0
0200132 2 17838 7029 0 10365 3612 0 0 33195 4824 12258 9621 2271 1848 4698 5292 5526 2085 2676 19227 11151 30849 8115 21909 0 0
0200134 2 19398 8132 0 10542 3648 0 0 37366 8225 15136 13248 1596 2019 4875 4239 6555 2505 3216 21607 11223 35273 10350 25779 0 0
0200136 2 38157 15477 0 24015 8136 0 0 74910 13335 29229 19488 4911 3207 12993 8460 13794 3627 6780 47133 20976 71319 17511 45231 0 0
0200137 2 9414 4674 0 4902 1662 0 0 16664 2837 6914 5073 1377 609 2715 2247 3417 1257 909 11006 6219 16505 4593 12864 0 0
0200139 2 12540 5606 0 7475 2601 0 0 23558 4241 7842 8226 1631 714 5021 2784 3951 1569 2279 14494 7065 23014 5831 15901 0 0
0200140 2 8586 4452 0 6399 2064 0 0 20342 5507 9332 5472 1569 927 3537 1425 3039 1275 1773 14438 4914 19025 4596 11517 0 0
0200142 2 5076 1951 0 2598 750 0 0 9467 2235 3113 3344 405 666 1746 933 1644 434 1059 5264 2714 9114 2955 6464 0 0
0200143 2 18903 8981 0 11571 3792 0 0 35597 6254 13934 10949 1929 1173 6204 5127 6084 3152 4491 22067 11165 35168 8655 25070 0 0
0200144 2 13278 5778 0 6639 2133 0 0 23837 3827 8327 8664 2019 561 2847 3564 3810 2226 2166 13193 8685 22916 5460 14868 0 0
0200145 2 6152 2393 0 1767 1674 0 0 11185 2277 3083 2801 339 357 2577 1131 2384 531 1560 5999 2807 9785 2864 6818 0 0
0200146 2 23097 8589 0 11592 5241 0 0 41463 6234 14103 11850 2079 1272 7998 6960 6474 2412 4170 24180 12837 39207 10350 28140 0 0
0200147 2 27585 12885 0 12749 5067 0 0 50628 8157 18893 14997 2508 1329 7857 7482 8622 3858 4704 29258 16674 46373 11859 32981 0 0
0200149 2 20937 10247 0 10598 4623 0 0 38457 5508 14697 13382 1482 1251 5984 6240 6045 3191 3285 22163 12755 35213 9030 27517 0 0
0200150 2 20970 9048 0 11400 4028 0 0 40421 7806 16676 12268 1770 1593 5759 5382 7236 2554 3117 24205 13246 38013 10194 26496 0 0
0200151 2 16866 8123 0 10115 3633 0 0 35959 8476 15363 11764 1296 2358 5849 3489 4604 2745 2220 22508 9344 32400 8015 21574 0 0
0200152 2 28782 13022 0 18165 6119 0 0 53009 7668 20453 16589 2805 2763 10560 7665 7611 3668 5085 33818 15755 51162 12558 39071 0 0
0200153 2 18165 7131 0 10101 3486 0 0 30843 3978 12462 9735 1623 2403 5061 4917 5241 1335 1527 19146 9639 29439 6381 23040 0 0
0200154 2 29916 11097 0 14820 6918 0 0 53496 7713 19470 16860 2139 2157 7986 7554 9162 3930 5337 29595 14871 49296 12081 35157 0 0
0200155 2 8424 2487 0 2799 1344 0 0 15480 3714 5211 4734 567 420 1680 1590 3597 876 1839 7458 4998 14499 4530 8031 0 0
0200156 2 23522 9183 0 11262 4376 0 0 44968 9027 16133 12548 2271 798 6231 6846 6297 2919 5667 24635 13475 42512 11774 27215 0 0
0200157 2 20385 9606 0 12211 4604 0 0 41819 7238 16464 11291 2580 687 7806 5139 6858 2474 3558 26850 12444 38406 10728 24864 0 0
0200158 2 47409 17475 0 23297 9348 0 0 81944 10803 31068 23460 5085 2064 11798 11574 17181 4893 7206 47951 26688 78536 18941 54558 0 0
0200159 2 25542 11001 0 13389 3465 0 0 42170 5246 16581 12105 2391 1668 6834 6753 7749 2637 4910 25806 14004 42023 9587 30849 0 0
0200160 2 21726 9167 0 10566 4284 0 0 40263 5904 14387 10866 1851 1740 6510 6768 6858 2646 2940 22748 12219 35985 8007 25388 0 0
0200161 2 28557 11961 0 13728 5271 0 0 48513 6408 18702 15390 2256 1734 6969 7467 8934 3366 3312 27927 16818 45852 10962 35280 0 0
0200162 2 31884 13254 0 14547 7209 0 0 59490 9306 21147 17025 3453 1728 8895 9768 9987 3717 5016 33495 19164 53067 12288 35868 0 0
0200165 2 8079 3753 0 3948 1443 0 0 14700 2154 5247 4569 891 849 2436 1638 2418 969 1143 8574 4305 13281 3459 9177 0 0
0200167 2 11247 5093 0 6249 2652 0 0 21740 3357 7922 5853 1398 732 3792 3414 3777 1263 2145 13112 7122 19815 5673 13785 0 0
0200168 2 36804 15944 0 17967 9675 0 0 70427 10676 25062 21033 3645 1956 13019 8997 11529 4293 5966 41726 20955 62555 16889 42086 0 0
0200169 2 20124 9462 0 11010 4206 0 0 37149 5970 14568 13818 1533 2022 5001 4788 6591 2955 3333 21102 11778 34140 10416 27432 0 0
0200170 2 15720 6078 0 8913 3456 0 0 29352 5055 12489 9198 1620 996 3495 4599 4671 2238 2475 17604 8349 28485 6384 19116 0 0
0200171 2 16311 6139 0 8883 2874 0 0 28884 4596 8772 9221 2046 1056 5783 4404 5397 1781 2115 16601 9620 28104 6945 20014 0 0
0200172 2 32486 14225 0 22242 8130 0 0 67475 12735 28455 17864 4308 2895 11520 6408 11670 3572 6767 44283 17399 63809 15102 39632 0 0
0200173 2 9930 5304 0 7050 2028 0 0 19119 2754 7503 6054 1950 1110 3375 2430 3600 1584 960 12828 6249 18396 4629 14631 0 0
0200174 2 9375 4742 0 5795 2331 0 0 20723 5282 8686 5862 1410 942 3944 1608 3288 1425 1923 14040 5457 19036 5094 12202 0 0
0200175 2 11628 4137 0 6927 2262 0 0 22107 4596 8322 6528 1188 618 3384 3318 3462 1155 2703 12894 6750 22101 6795 14811 0 0
0200176 2 6981 3579 0 4284 1917 0 0 13800 1944 6660 3615 675 441 2616 2238 2295 633 564 9951 4287 12768 3402 9900 0 0
0200177 2 4104 1533 0 1938 528 0 0 7761 1884 2928 2517 372 258 1107 819 1287 351 825 4407 2136 7635 2160 4461 0 0
0200179 2 15648 8042 0 10488 3141 0 0 31628 6038 13351 10104 2496 711 4899 4599 4983 2895 2772 20746 11169 30890 7830 21626 0 0
0200181 2 13259 7605 0 6450 2775 0 0 25112 3693 10998 7020 1137 813 3711 4107 3603 2166 2318 15846 8085 22133 4677 16848 0 0
0200183 2 10524 4983 0 7053 1965 0 0 20735 3629 8919 5391 1320 945 3240 2580 3966 1371 1862 13479 6699 20069 5084 13953 0 0
0200184 2 20889 12810 0 16680 4830 0 0 42422 7349 19079 11778 2886 2853 10323 6282 5124 3120 3951 32288 12105 41480 9120 33297 0 0
0200185 2 13845 6459 0 8631 3102 0 0 26778 4257 10173 9021 1020 2214 4758 3252 4002 2547 1563 15951 8571 24003 6399 18588 0 0
0200186 2 12975 5217 0 8526 3249 0 0 24845 4703 11936 7338 1332 1395 3183 3864 3645 1551 2100 16451 6831 24377 5238 18309 0 0
0200187 2 11889 4619 0 6714 2571 0 0 22398 3558 7389 7598 705 1488 3660 2421 3636 2012 2709 11754 6071 20157 5268 13445 0 0
0200188 2 19032 8916 0 11595 4092 0 0 37722 7389 15513 10059 2265 825 6471 5424 5568 2559 4419 24249 10380 36531 9114 24366 0 0
0200189 2 15051 6564 0 9159 3231 0 0 29382 4755 11892 7278 1926 714 5421 4629 4941 1677 2082 19239 8697 27639 6381 19218 0 0
0200191 2 16701 8964 0 10775 3096 0 0 29706 3708 12996 9759 1608 1413 5411 4746 4578 2706 3084 20015 9876 29312 6324 22451 0 0
0200192 2 6633 3210 0 4743 1908 0 0 15705 3444 6828 3498 723 816 2841 2037 1821 717 1263 10392 3783 13650 3186 8295 0 0
0200194 2 12351 5442 0 6351 2460 0 0 23559 3630 8892 6696 1032 720 3939 3351 4170 1650 1770 13863 7344 21492 5154 14712 0 0
0200195 2 3219 1317 0 1761 528 0 0 6396 1473 2421 1842 300 297 891 576 1269 330 1017 3612 1785 6123 1959 3630 0 0
0200196 2 4671 1569 0 2043 741 0 0 9048 2226 3087 2358 273 426 1341 996 1701 396 1359 4701 2559 8502 2916 5004 0 0
0200197 2 8337 3624 0 3891 2070 0 0 15732 2661 6117 4200 843 903 2121 2331 2775 867 1218 9081 4875 13851 4071 10335 0 0
0200198 2 9468 4338 0 4011 2172 0 0 16752 2493 6621 5835 717 252 2409 2988 2784 1575 1134 9747 6243 15438 3873 11763 0 0
0200203 2 10239 5277 0 6494 2517 0 0 20378 3465 7788 5760 1080 666 4229 2811 3357 1794 2514 13097 6306 19382 4868 13299 0 0
0200204 2 4698 1778 0 1995 732 0 0 8793 1893 3300 2652 258 351 1145 822 2178 405 999 4703 2835 8211 2697 4997 0 0
0200206 2 21987 9748 0 13170 5829 0 0 42195 6810 16194 13312 2019 1173 8004 6150 7368 3712 3909 26217 13600 40161 10146 29092 0 0
0200207 2 12951 6123 0 6915 2139 0 0 24168 4086 8697 7884 2037 483 3069 4134 3846 2295 2379 13803 9639 23208 6552 16203 0 0
0200209 2 14103 7494 0 6642 2841 0 0 26595 3828 11058 7389 1308 726 3453 4557 3774 2289 2364 15819 8610 23418 4953 17388 0 0
0200210 2 4796 1695 0 1467 708 0 0 7862 1371 2163 2750 246 318 1062 1557 1071 858 522 3471 3167 7316 2279 5687 0 0
0200212 2 13848 6474 0 8100 2304 0 0 25614 4176 11118 7440 1359 807 3591 4368 4638 1632 1980 16068 9159 24927 6246 18594 0 0
0200213 2 22215 11831 0 14550 4860 0 0 40745 5982 16964 13284 2055 2775 8982 6129 5385 3189 3825 28001 12570 39390 8502 31647 0 0
0200214 2 7635 3777 0 3393 2157 0 0 13587 1329 5763 3996 669 489 2031 2091 2814 804 471 8463 4050 11355 2256 8904 0 0
0200215 2 20712 9852 0 11952 3315 0 0 37927 6745 14944 11097 2673 2001 6195 5985 6210 3327 3339 23812 13482 36970 8601 27000 0 0
0200216 2 28581 9996 0 14073 6981 0 0 50916 8046 19194 15264 2307 1479 7869 7104 9135 3432 5196 29370 15378 48486 11808 33624 0 0
0200217 2 16926 7266 0 8310 3471 0 0 32658 6570 12600 8016 1998 765 4617 5454 4608 2244 3885 19215 10605 30693 8253 20424 0 0
0200219 2 18672 8241 0 10704 3255 0 0 31602 3702 12813 9276 1734 1566 5226 5574 5208 2103 3129 19773 10419 31029 7182 24492 0 0
0200221 2 12840 4710 0 5994 2352 0 0 22419 3375 7959 6858 975 915 3069 3387 4368 1092 2178 12003 6918 21093 5253 14829 0 0
0200222 2 15435 6966 0 9342 3702 0 0 31563 5097 12621 8619 1485 1179 5373 4383 4953 2202 2250 19479 8811 28500 6693 19242 0 0
0200224 2 14160 7596 0 7578 3750 0 0 27699 4320 10998 8088 1557 1080 4785 4026 4287 2760 2268 17340 9111 24705 6000 18120 0 0
0200226 2 9591 3258 0 4437 1665 0 0 16914 2547 5280 4437 1377 504 2343 3387 3021 1173 1338 9000 6141 15927 4263 10875 0 0
0200227 2 37704 12891 0 15735 7968 0 0 68487 11097 20919 20190 4128 2109 9888 11064 11727 3873 6078 34935 19845 61377 14508 40680 0 0
0200228 2 15351 5367 0 7053 2835 0 0 28341 4122 8466 6852 2526 837 3948 4497 5028 1665 2553 14940 9573 25395 6684 15672 0 0
0200230 2 15612 6681 0 9312 4281 0 0 31812 5031 11415 7668 2565 1137 5181 4656 5466 1641 3180 19161 9243 28464 7962 18939 0 0
0200231 2 15690 7551 0 10812 3222 0 0 29496 4530 12285 11196 1287 1947 4293 3741 4920 2436 2592 17865 9363 28206 8013 22572 0 0
0200232 2 16086 5433 0 7128 2562 0 0 27153 3888 9582 8070 1521 717 3159 4647 5181 1812 2595 14262 8214 26139 5628 17004 0 0
0200233 2 17676 6759 0 8226 4161 0 0 33759 5883 10941 9216 1758 1383 5283 5418 5160 2160 3525 17982 10593 30126 8532 19866 0 0
0200234 2 6306 2046 0 2771 1094 0 0 11489 2229 3781 3468 648 177 1827 1515 1935 471 957 6256 3423 11051 3279 7061 0 0
0200235 2 12018 5436 0 6513 2343 0 0 21651 2988 8031 6687 1776 747 3489 2649 4524 1650 1227 13296 7350 20577 5361 15561 0 0
0200236 2 6909 3972 0 4650 1530 0 0 13374 2109 5145 4230 1137 384 3147 1479 2373 867 1131 9429 4002 12981 3171 9444 0 0
0200237 2 8675 4023 0 5076 1755 0 0 17573 3336 5823 4962 1410 846 3414 1629 2801 1068 1938 10647 4671 15866 4593 10358 0 0
0200239 2 20124 8972 0 11280 5069 0 0 38470 6327 15100 11286 2115 1257 6291 5637 6321 2754 4323 23506 11991 36105 9402 25566 0 0
0200240 2 4935 1677 0 3042 834 0 0 8172 741 2661 1932 774 678 1245 1854 1569 639 285 4680 3618 8010 2052 6477 0 0
0200241 2 5985 2223 0 3282 1368 0 0 10860 2322 4119 3603 393 903 1908 1218 2169 474 693 6420 3516 10602 3600 8412 0 0
0200242 2 30855 14486 0 16389 6876 0 0 58638 9339 21990 16416 3654 2283 9488 8820 10044 4503 5427 35132 19005 53664 14076 38360 0 0
0200243 2 20513 9032 0 12873 4698 0 0 40711 6579 15410 11541 2550 1473 6537 6003 7949 3162 3261 24497 13826 37595 9015 24861 0 0
0200244 2 17031 7829 0 9666 3228 0 0 30866 5142 11693 12030 1335 2403 4332 3531 5721 2475 2937 17360 10008 28863 9333 23427 0 0
0200245 2 9561 3942 0 4902 1995 0 0 17508 2877 6927 5457 984 408 2157 2958 2892 1455 1713 10068 5082 16767 4059 11376 0 0
0200246 2 6762 3671 0 3903 1005 0 0 12402 2220 4998 4103 1107 366 2256 1434 2520 875 618 8361 4292 12477 3531 9413 0 0
0200247 2 27 45 0 3 3 0 0 30 0 24 21 0 0 27 0 3 0 0 51 27 30 24 51 0 0
0200254 2 13485 7122 0 7698 3093 0 0 28044 5886 11508 6657 1821 537 4776 4035 4200 2076 3186 18105 8391 26160 6801 17229 0 0
0200255 2 19887 8267 0 9360 4545 0 0 36474 5175 14382 10227 2307 927 4757 5484 7365 2388 2496 21446 11544 33102 8154 23009 0 0
0200256 2 32106 13365 0 16160 4935 0 0 54578 7314 20303 15381 2808 2355 8787 9159 8877 3480 6681 31898 17403 52538 11466 37143 0 0
0200300 2 4428 2151 0 2559 1140 0 0 8700 1245 3327 2721 417 267 1647 936 1467 588 732 5391 2781 7803 2256 5631 0 0
0200301 2 5160 2457 0 3243 876 0 0 9837 1977 3489 3285 600 474 1836 1518 1605 633 918 5925 3165 9618 2832 7602 0 0
0200302 2 3906 1356 0 2343 900 0 0 7416 1242 2589 2340 459 204 1089 906 1095 468 846 4137 2247 7104 2286 5067 0 0
0200303 2 4863 1839 0 2625 1201 0 0 9040 1512 3070 2823 357 414 1533 1425 1542 780 954 4960 3120 8412 2313 6264 0 0
0200307 2 3486 1218 0 2061 588 0 0 6459 1161 2424 2178 360 186 882 879 1176 351 726 3666 2079 6390 2082 4620 0 0
0200308 2 4518 1671 0 2862 777 0 0 8307 1614 3039 3096 759 372 1218 1179 1350 615 723 5016 3234 8523 2604 6330 0 0
0200309 2 4113 1731 0 1862 1053 0 0 7671 1224 2862 2358 332 264 1188 1302 1113 471 630 4382 2538 6770 2253 5405 0 0
0200311 2 4272 1755 0 2442 834 0 0 8064 1500 2943 2502 270 354 1473 1218 1122 417 762 4686 2982 7734 2673 5826 0 0
0200313 2 5952 2571 0 2802 1260 0 0 10536 1494 3537 3507 393 387 1743 1857 1683 915 891 5673 4059 9618 2814 7845 0 0
0200314 2 3390 1434 0 1938 676 0 0 6343 1152 2737 2022 351 198 864 879 1017 291 558 3952 2151 6123 1968 4722 0 0
0200315 2 3981 1446 0 2442 1098 0 0 7599 1251 2874 2619 450 141 1362 984 1290 549 615 4686 2301 7341 2022 5412 0 0
0200316 2 4281 1464 0 2460 867 0 0 8031 1383 2523 2709 471 165 1473 1011 1158 486 1056 4467 2475 7716 2466 5487 0 0
0200317 2 3507 1818 0 2745 927 0 0 6951 1107 3120 2391 354 432 1329 690 1209 555 675 4803 2073 6702 1719 5301 0 0
0200318 2 4863 1941 0 3081 908 0 0 8828 1725 3210 3171 477 540 1541 1041 1359 639 1098 5228 3183 8682 3030 6669 0 0
0200319 2 3714 1482 0 2418 805 0 0 6979 1248 2392 2478 480 375 1146 759 1008 453 828 4018 2331 6732 2262 5187 0 0
0200320 2 819 240 0 903 93 0 0 1443 177 381 513 171 0 546 237 174 111 159 1098 606 1899 723 1500 0 0
0200321 2 4467 1986 0 2547 1146 0 0 8784 1584 2955 2439 489 420 1701 1464 1179 516 978 5145 2748 7926 2340 6000 0 0
0002004 0 1629 883 0 1022 333 0 0 2957 474 1280 1105 84 90 636 261 732 307 174 2000 1174 2963 828 2410 0 0
0002005 0 2952 1413 0 2340 705 0 0 6528 1095 2556 1773 306 90 1392 1044 1158 453 393 4254 2211 6072 1815 3963 0 0
0002006 0 2193 1251 0 1428 450 0 0 4011 615 1725 1587 261 159 744 444 933 351 306 2730 1476 3954 1122 3363 0 0
0002007 0 1929 1035 0 1311 348 0 0 3816 825 1623 1326 237 102 738 399 633 312 492 2598 1227 3882 1224 3066 0 0
0002008 0 2922 1629 0 1908 795 0 0 5712 966 2808 2007 228 198 963 843 888 558 390 3999 2265 5424 1473 4416 0 0
0002009 0 2853 1155 0 1284 735 0 0 4914 525 1617 1773 138 93 846 1074 699 522 390 2601 1839 4338 1077 3729 0 0
0200999 2 189 126 0 135 30 0 0 297 57 213 141 57 0 21 9 39 0 57 291 111 381 174 390 0 0
0201076 2 3939 1692 0 2598 1026 0 0 7782 1485 3120 2562 411 186 1494 1032 1416 519 714 5025 2358 7491 2064 5826 0 0
0201077 2 3900 1836 0 2324 711 0 0 7023 1365 2886 2505 375 252 1340 942 1155 510 885 4601 2268 7139 2187 5750 0 0
0201079 2 1014 360 0 441 249 0 0 1680 249 549 645 48 39 279 234 237 132 156 876 645 1602 459 1437 0 0
0201080 2 3405 1905 0 1995 765 0 0 6084 903 2745 2130 243 141 1329 747 1155 498 522 4317 2043 6039 1515 5046 0 0
0201081 2 3088 1520 0 2274 600 0 0 6156 1221 2412 2181 288 231 1229 954 933 498 451 3929 2049 6142 1881 4851 0 0
0201084 2 3072 1224 0 1626 684 0 0 5973 1053 1890 1824 270 237 1014 759 981 366 588 3174 1788 5289 1656 3642 0 0
0201092 2 4377 1971 0 2622 990 0 0 8538 1347 3189 2607 567 144 1332 1299 1290 714 915 5088 2889 8025 2133 5679 0 0
0201093 2 3660 1410 0 1602 618 0 0 6318 1101 1974 1992 219 261 1044 1335 1062 510 627 3237 2382 5952 1731 4851 0 0
0201095 2 2991 1593 0 1488 768 0 0 5403 777 2296 1910 351 183 927 816 1188 578 228 3574 2204 4980 1485 4401 0 0
0201096 2 2688 1251 0 2136 651 0 0 5277 822 2220 2031 351 99 951 633 936 426 531 3522 1686 5373 1344 3945 0 0
0201098 2 3627 1694 0 2298 1071 0 0 6975 1077 2918 2067 456 174 1314 837 1464 633 465 4688 2274 6639 1542 4766 0 0
0201099 2 2831 1341 0 1587 894 0 0 5324 825 2166 1653 234 222 969 711 792 381 701 3369 1755 4880 1479 4023 0 0
0201100 2 3564 1260 0 2291 762 0 0 6626 1137 2246 2262 294 189 1251 1239 774 474 516 3791 2310 6419 1809 4656 0 0
0201102 2 3132 1590 0 2670 555 0 0 5946 714 2829 2268 432 144 1029 738 954 432 399 4290 2208 6132 1815 4992 0 0
0202046 2 3681 1491 0 2283 767 0 0 7511 1524 2862 2066 366 177 1338 801 1305 401 816 4566 1995 7203 2031 4452 0 0
0202047 2 3735 1296 0 1908 777 0 0 7071 1212 2595 2088 225 108 1086 876 1539 372 885 3906 2487 6642 2316 4428 0 0
0202048 2 2919 1437 0 2079 525 0 0 5589 1026 2067 2139 426 318 1041 606 1107 474 573 3534 2190 5595 1815 4236 0 0
0202049 2 4440 1809 0 2019 1152 0 0 8157 1167 3174 2382 333 321 1095 1560 1380 474 588 4602 2787 7146 2088 5595 0 0
0202050 2 3381 1386 0 2256 744 0 0 6222 1083 2400 2418 282 117 1197 831 1044 585 639 3879 2148 6498 1962 4884 0 0
0202051 2 2310 1071 0 1491 537 0 0 4521 681 1599 1317 147 159 837 753 771 408 462 2583 1590 4194 1173 3123 0 0
0202052 2 3159 1662 0 2022 972 0 0 6597 933 2823 2013 357 87 1020 909 1035 507 552 4200 1860 5814 1617 4203 0 0
0202054 2 3075 897 0 1386 639 0 0 5613 1098 2127 1824 147 162 753 720 951 252 450 3027 1971 5277 1875 3732 0 0
0202055 2 3708 1482 0 2490 1227 0 0 7401 1215 2928 2583 324 237 1401 1176 978 633 666 4653 2403 6990 1848 5346 0 0
0202056 2 3144 1176 0 2058 724 0 0 6211 1251 2419 1872 342 120 1167 996 741 363 678 3928 2205 6216 1887 4389 0 0
0202057 2 1662 831 0 1572 432 0 0 3576 672 1776 1152 87 120 687 411 606 312 369 2550 1086 3642 912 2565 0 0
0202058 2 2991 1485 0 2370 834 0 0 6585 1536 2526 2157 396 360 1524 666 1098 693 630 4446 2106 6318 1896 4356 0 0
0202059 2 3003 1140 0 1671 909 0 0 5457 825 1818 1959 264 198 1083 909 876 486 429 3165 2040 5100 1446 4122 0 0
0202060 2 2259 705 0 1494 456 0 0 4020 678 1338 1488 213 195 723 567 723 240 318 2274 1113 4116 1005 3066 0 0
0202062 2 2898 1518 0 2046 573 0 0 5607 798 2445 2055 363 63 918 627 909 483 435 3726 1896 5472 1431 4083 0 0
0202063 2 3258 1284 0 2169 912 0 0 6558 1128 2370 2097 336 219 1158 1065 864 636 744 3864 2094 6243 1746 4533 0 0
0202064 2 3462 1746 0 2184 779 0 0 6689 1257 2939 2406 324 177 1242 585 1341 588 459 4505 2277 6627 1989 4968 0 0
0202065 2 4149 1578 0 2238 714 0 0 8028 1368 2772 1938 462 144 1434 1500 1299 342 624 4668 2805 7473 2175 4974 0 0
0202066 2 3207 1335 0 2349 909 0 0 6555 1254 2637 2235 471 162 1305 807 1185 441 519 4413 1980 6405 1833 4761 0 0
0202069 2 3756 1434 0 1980 633 0 0 6537 1005 2547 1848 192 117 1074 1179 1080 510 714 3813 2343 6555 1713 4662 0 0
0202070 2 3300 1626 0 2274 714 0 0 6009 810 2496 1650 441 204 1275 960 1131 429 513 4212 2025 6039 1365 4695 0 0
0202071 2 2856 1038 0 1554 522 0 0 5349 999 1584 1959 195 183 945 774 825 390 504 2724 1683 5037 1464 3603 0 0
0202075 2 3078 962 0 1446 711 0 0 5301 672 2058 1412 60 54 693 1128 1053 359 450 2811 2015 5010 1407 3851 0 0
0202076 2 2928 1026 0 1911 555 0 0 5859 1113 2280 1482 324 156 948 651 1131 270 513 3552 1575 5709 1605 3666 0 0
0202077 2 2118 867 0 1347 384 0 0 4068 798 1434 1074 108 198 786 759 795 294 522 2328 1464 4035 1290 3078 0 0
0202079 2 5070 2208 0 2334 1137 0 0 9273 1311 3171 3282 321 297 1551 1587 1440 705 660 5043 3579 8232 2295 6585 0 0
0202080 2 1311 438 0 858 288 0 0 2475 399 885 714 108 33 522 279 513 99 249 1515 702 2466 687 1845 0 0
0202081 2 837 375 0 909 123 0 0 1533 300 387 837 9 12 693 198 195 195 195 1089 612 1911 573 1668 0 0
0002101 0 2022 933 0 1524 384 0 0 3987 876 1476 1227 264 117 942 576 621 291 417 2682 1326 4146 1227 3135 0 0
0002102 0 1998 864 0 1272 315 0 0 3423 483 1146 1194 264 81 597 522 588 363 441 2007 1344 3594 1041 3015 0 0
0002103 0 2697 1146 0 1620 822 0 0 5229 819 2229 1461 171 174 792 1152 624 516 507 3192 1770 4878 1329 3900 0 0
0002104 0 2652 1038 0 1830 555 0 0 5280 975 2046 1848 225 189 930 672 828 294 417 3201 1563 5052 1404 3642 0 0
0002105 0 1863 618 0 1281 498 0 0 3618 555 1752 1098 138 45 468 600 744 213 213 2358 1338 3609 1083 2715 0 0
0002106 0 1188 360 0 900 321 0 0 2313 453 921 759 45 18 498 396 339 174 249 1464 831 2403 630 1668 0 0
0002107 0 1233 426 0 636 405 0 0 2355 396 996 642 36 75 357 363 459 138 276 1389 813 2169 774 1680 0 0
0002108 0 948 534 0 513 221 0 0 1679 228 557 783 99 12 357 240 387 240 180 1013 840 1653 633 1503 0 0
0002111 0 1797 1053 0 1635 327 0 0 3642 675 1653 1125 165 105 969 609 507 216 300 2787 1227 3849 1005 3132 0 0
0002112 0 3354 1491 0 1905 465 0 0 6126 873 2265 1821 381 72 879 1041 1050 483 576 3525 2094 5910 1542 4248 0 0
0002113 0 1533 881 0 750 267 0 0 2618 339 857 972 45 36 690 639 486 411 105 1592 1452 2562 870 2352 0 0
0002114 0 702 189 0 522 96 0 0 1446 324 633 495 84 21 129 153 279 66 153 846 546 1470 510 903 0 0
0002115 0 2145 855 0 1221 588 0 0 4086 726 1533 1503 141 75 780 345 852 423 414 2454 1482 3957 1404 3030 0 0
0002116 0 1860 762 0 1452 312 0 0 3609 726 1176 1281 282 126 795 483 642 285 558 2253 1326 3771 1314 2826 0 0
0002301 0 2676 1626 0 1779 780 0 0 5508 1095 2337 1725 324 141 1041 801 813 588 690 3702 1953 5199 1575 4242 0 0
0300071 3 2511 1242 0 1818 558 0 0 5202 1011 2019 1548 207 240 1044 915 447 360 552 3270 1665 4956 1500 3723 0 0
0300074 3 2814 816 0 1707 552 0 0 4992 924 2067 1860 189 141 651 732 837 276 471 2907 1719 5067 1419 3684 0 0
0300077 3 2832 1227 0 1830 660 0 0 5643 1032 2109 1719 258 174 1227 771 1056 327 480 3594 1785 5358 1629 3726 0 0
0300080 3 4243 1479 0 2712 912 0 0 7877 1162 2603 2710 456 300 1290 1233 1296 582 728 4349 2874 7568 2543 5662 0 0
0300081 3 6006 2844 0 3817 1671 0 0 11978 1872 4567 4066 489 282 2261 1950 1458 918 990 7317 4077 11005 3327 8603 0 0
0300082 3 5241 1713 0 2793 1092 0 0 9132 1434 3447 2997 351 288 1323 1464 1920 522 921 5121 3456 8901 2556 6735 0 0
0300083 3 5319 2103 0 3921 1257 0 0 10443 1884 3855 3594 597 597 1986 1251 1485 783 1143 6438 3351 10224 3204 7719 0 0
0300084 3 5261 1836 0 3921 1555 0 0 10203 1878 4396 3159 663 384 1809 1578 1752 711 1073 6868 3189 10400 2745 7590 0 0
0300085 3 2637 981 0 1551 410 0 0 5237 951 1665 1695 153 78 1016 774 798 276 495 2834 1710 4908 1569 3138 0 0
0300087 3 5061 2301 0 3204 1374 0 0 10254 1659 4233 3219 417 225 1674 1314 1764 810 1074 6324 3282 9417 2592 6747 0 0
0300089 3 6207 2517 0 3741 1311 0 0 11751 2247 4827 3417 561 282 2106 1776 2016 747 1251 7494 3930 11619 3450 8532 0 0
0300091 3 6375 2688 0 4287 1428 0 0 12426 2211 4722 3789 714 486 2040 1755 1956 792 1338 7476 3954 11859 3264 8751 0 0
0300092 3 11226 4503 0 5442 2457 0 0 21435 3732 7077 7812 918 444 3234 2136 3405 1509 2409 11229 6879 19377 6687 13659 0 0
0300093 3 5397 2343 0 3837 1368 0 0 11205 1965 4266 3327 507 381 1980 1614 1731 861 1329 6753 3642 10500 3177 7314 0 0
0300094 3 921 177 0 582 268 0 0 1825 498 535 510 87 99 486 144 480 69 183 1108 600 1863 735 1272 0 0
0300095 3 5589 2169 0 3984 1095 0 0 9870 1308 3495 3699 525 399 2040 1671 1569 870 885 6060 3729 10146 2874 7980 0 0
0300096 3 4224 1857 0 2460 963 0 0 9096 1932 3150 3060 273 207 1518 744 1404 696 1143 4941 2853 8259 3129 5265 0 0
0300097 3 9840 4077 0 6360 2007 0 0 18516 3075 7476 5820 846 624 2991 3135 3054 1320 1803 11313 6486 18018 5181 13959 0 0
0300098 3 11792 4965 0 6528 2625 0 0 23111 4062 7905 8619 1215 759 3543 2274 3813 1692 2501 12663 7809 21089 7488 15150 0 0
0300101 3 5931 2883 0 2322 1205 0 0 11831 2130 3752 4437 297 258 1518 1341 1464 879 1338 5567 3765 9843 3540 7080 0 0
0300104 3 6225 2523 0 2028 931 0 0 11377 2148 3808 4164 348 174 1203 1242 1986 630 1068 5359 4041 10035 3783 6933 0 0
0300118 3 5826 2415 0 2784 1056 0 0 11058 2046 3618 4095 432 330 1806 1242 1446 702 1131 5856 3729 10095 3750 7506 0 0
0300157 3 2082 933 0 1346 552 0 0 3936 585 1793 1128 123 177 711 585 804 219 384 2627 1242 3794 1104 2996 0 0
0300160 3 4854 2205 0 2645 1128 0 0 9869 1716 3329 3381 483 294 1623 951 1608 714 1029 5435 3099 8819 3147 6090 0 0
0300161 3 5127 2757 0 2304 1418 0 0 11036 2019 3743 4023 264 207 1782 948 1377 858 1227 5789 3408 8943 3543 6219 0 0
0300162 3 10952 5405 0 6333 2844 0 0 23009 3966 8705 8147 1065 549 3519 2199 2973 1725 2490 13289 7226 20201 6740 14326 0 0
0300169 3 6177 2784 0 4296 1527 0 0 11523 1665 4500 3786 627 588 2481 1854 2112 855 1047 7608 3825 11235 3396 9219 0 0
0300170 3 5448 2105 0 3630 1296 0 0 10133 1500 3776 4140 444 408 1662 1323 1509 915 906 5882 3540 9882 3087 7605 0 0
0300177 3 5997 2745 0 3504 1560 0 0 11580 1827 4896 3669 312 387 1884 1860 1809 1014 1023 7092 4227 10731 2901 8178 0 0
0300182 3 5586 2300 0 3840 1329 0 0 10862 1923 4091 3642 507 360 2142 1536 1791 828 1107 6740 3726 10590 3273 7854 0 0
0300185 3 3654 1497 0 1644 972 0 0 6819 1131 2559 2010 171 96 1065 1452 1191 549 600 3795 2511 6189 1779 4704 0 0
0300187 3 2772 1203 0 2145 924 0 0 5721 864 2655 1614 270 216 999 789 996 405 540 3924 1746 5469 1572 4215 0 0
0300189 3 2940 1287 0 1521 564 0 0 5277 666 1905 1842 222 243 750 867 819 399 483 2877 2127 4737 1515 3729 0 0
0300196 3 3714 1641 0 2415 858 0 0 7452 1350 2724 2124 441 225 1290 1287 1026 651 936 4455 2562 7080 1968 4950 0 0
0300200 3 5241 1779 0 3042 1235 0 0 9761 1761 3266 3507 525 327 1545 1467 1581 765 1224 5336 3408 9468 2973 6834 0 0
0300202 3 2271 1665 0 1938 657 0 0 4698 717 2502 1905 189 174 903 483 744 522 462 3594 1608 4545 1353 4086 0 0
0300204 3 3714 1852 0 2166 828 0 0 7088 1113 3320 2124 153 237 1061 1293 1140 504 537 4534 2328 6597 1494 5237 0 0
0300205 3 2925 861 0 1404 501 0 0 5289 858 1710 1425 216 108 789 1008 906 240 522 2715 1962 5019 1557 3378 0 0
0301052 3 5304 1920 0 2364 714 0 0 8889 1242 2958 2460 528 126 1332 1281 1461 450 972 4818 3273 8640 2592 6288 0 0
0301053 3 4215 1695 0 2043 870 0 0 7659 1209 2394 2469 270 246 1278 1278 1404 696 759 3942 2775 6999 1959 5151 0 0
0301054 3 5937 2117 0 2583 1305 0 0 10860 1695 3108 3534 399 411 1808 1686 2049 783 786 5315 3816 9357 2703 6638 0 0
0301056 3 3777 1664 0 2784 786 0 0 7521 1233 3006 2270 372 120 1392 1230 1269 599 645 4770 2420 7344 1890 5168 0 0
0301057 3 5457 2376 0 2844 1410 0 0 10272 1494 3888 3054 459 366 1740 1812 1695 816 774 6087 3342 9306 2526 7167 0 0
0301058 3 3936 1692 0 2319 630 0 0 7053 1197 2517 2559 417 348 1149 1071 1152 630 621 4083 2484 6927 1839 5394 0 0
0301062 3 1836 786 0 1080 288 0 0 3411 480 1332 1062 111 39 516 498 534 309 297 1959 1260 3282 933 2262 0 0
0301063 3 3477 1549 0 2436 690 0 0 6552 1182 2415 2545 354 261 1251 939 1128 640 645 4020 2338 6591 1848 5215 0 0
0301064 3 2628 954 0 2067 513 0 0 5103 918 2298 1719 195 165 783 687 951 228 420 3276 1710 5295 1638 3846 0 0
0301065 3 3372 1397 0 1983 813 0 0 6249 1098 2367 2489 342 150 1068 600 1182 554 576 3777 2030 6042 1776 4742 0 0
0301066 3 3753 1476 0 2289 708 0 0 7338 1461 2553 2352 426 135 1335 1014 1176 525 840 4314 2625 7158 2295 4923 0 0
0301067 3 3998 1512 0 2793 1158 0 0 7628 1191 3084 2670 288 315 1512 798 1443 597 590 4884 2244 7409 1695 5469 0 0
0301069 3 3288 1611 0 1866 699 0 0 6018 894 2412 1842 306 387 837 981 912 459 492 3555 2289 5433 1692 4740 0 0
0301072 3 4467 1551 0 2145 750 0 0 7844 1188 2997 2445 345 111 1032 1224 1347 360 657 4374 2547 7515 2130 5356 0 0
0301073 3 4245 1425 0 2358 924 0 0 7943 1259 2950 2249 366 249 1029 1521 987 413 1019 4345 2297 7436 1928 5460 0 0
0301075 3 4122 1796 0 2588 717 0 0 8431 1566 2882 2439 468 87 1649 1284 1419 513 765 4999 2859 8042 2540 5289 0 0
0301221 3 4503 2217 0 2127 1312 0 0 8506 1290 3229 2547 444 162 1464 1539 1230 810 780 5137 2817 7554 1809 6006 0 0
0301222 3 3051 1644 0 2070 681 0 0 6039 891 2592 2106 300 207 1077 750 1005 450 504 3969 1908 5598 1698 4383 0 0
0301223 3 2835 1107 0 1821 609 0 0 5409 921 2076 1476 312 189 858 1008 624 378 756 3246 1674 5253 1404 3810 0 0
0301224 3 3414 1562 0 2385 798 0 0 6665 1167 2667 2202 270 438 1358 705 1131 480 585 4295 2028 6447 1656 4887 0 0
0302035 3 2379 1398 0 1896 564 0 0 5553 1035 2295 1425 378 75 1218 717 921 312 360 3891 1677 5076 1581 3426 0 0
0302037 3 4074 1578 0 2268 777 0 0 7515 1311 2616 2499 429 288 1338 1140 1224 489 672 4383 2556 7236 2397 5349 0 0
0302038 3 3585 1686 0 2121 978 0 0 7161 1449 2991 2085 324 249 1338 1137 915 564 798 4653 2298 6738 1902 5046 0 0
0302039 3 3564 1845 0 2169 948 0 0 7299 1221 3027 1938 372 90 1218 975 1152 648 876 4617 2310 6750 1752 4935 0 0
0302041 3 3759 1647 0 2514 858 0 0 7512 1488 2562 2334 495 453 1347 1152 1284 573 627 4404 2637 7086 2271 5352 0 0
0302042 3 3099 1182 0 2034 534 0 0 5670 969 1812 1866 486 156 996 714 759 363 786 3294 1881 5781 1803 4281 0 0
0309999 3 882 243 0 396 174 0 0 1251 123 528 711 18 27 195 90 558 60 39 741 759 1305 639 1248 0 0
0000356 0 2430 1344 0 2163 702 0 0 5097 1044 2370 2151 369 51 1068 351 1020 600 507 3807 1701 5292 1383 4122 0 0
0000357 0 3402 1209 0 2223 573 0 0 6435 1314 2553 2214 357 162 1041 744 1338 561 543 3951 2217 6576 1587 4452 0 0
0000358 0 2040 1152 0 1434 402 0 0 3810 717 1842 1416 147 99 723 636 612 435 285 2712 1695 3912 1206 3423 0 0
0000359 0 1338 687 0 1056 579 0 0 2784 438 1104 951 66 48 831 396 393 282 300 2001 1065 2682 846 2355 0 0
0000360 0 2576 1251 0 1596 660 0 0 4661 621 1941 1710 132 72 963 686 786 492 426 3036 1754 4547 1098 3740 0 0
0000361 0 2346 1545 0 1311 600 0 0 4773 786 1734 1656 198 120 1023 903 618 582 342 2955 1707 4173 1266 3492 0 0
0000362 0 2418 927 0 1155 396 0 0 4068 519 1377 1173 177 84 651 573 831 288 462 2205 1581 3933 1236 2904 0 0
0000363 0 2286 1317 0 1386 510 0 0 4527 801 1770 1488 159 105 747 717 771 609 537 2676 1758 4275 1206 3315 0 0
0000364 0 1632 693 0 927 297 0 0 3045 552 1224 1125 111 90 456 318 600 222 246 1791 978 2922 831 2121 0 0
0000365 0 2070 618 0 1164 468 0 0 3804 561 1581 1305 90 72 393 678 684 225 327 2064 1434 3654 1260 2682 0 0
0400023 4 16470 7302 0 7803 3859 0 0 31199 4837 11297 9375 1311 1344 5055 3627 5355 1737 3120 17663 9081 27232 7281 18681 0 0
0400024 4 15642 6507 0 8222 3591 0 0 30768 5983 12513 10764 957 1482 4599 3177 4140 2433 2499 18069 7509 27891 5331 16569 0 0
0400025 4 16247 6100 0 7377 3309 0 0 28124 3934 10172 9276 1230 1317 4614 3732 4800 1491 1910 16016 7917 25818 5229 17012 0 0
0400026 4 14230 5630 0 7317 3335 0 0 26706 4141 8873 8957 1053 1503 4727 2967 4368 2138 2403 14653 7256 23798 5474 15240 0 0
0400028 4 16268 6450 0 8170 3962 0 0 30615 4555 10613 10319 1134 1476 4985 3261 4842 2496 2952 16732 8394 27055 6450 17588 0 0
0400032 4 6537 3449 0 2563 1443 0 0 13620 2508 4434 4518 540 126 2097 1092 1572 840 1899 7071 4083 11272 4329 7359 0 0
0400039 4 4550 3156 0 1728 1170 0 0 10832 2235 3528 3434 384 249 1827 906 1023 690 1548 5739 3369 8102 3792 5435 0 0
0400040 4 6066 3201 0 3010 1770 0 0 13266 2310 4452 4176 550 393 2268 1185 1737 780 1599 7270 3735 10840 4134 7411 0 0
0400044 4 4997 1851 0 2598 1062 0 0 8936 1449 3459 2984 462 213 1335 1308 1512 525 741 5256 2834 8642 2411 6566 0 0
0400045 4 5505 2394 0 2256 1521 0 0 10779 1662 3297 4260 492 276 1563 900 1638 915 1185 5352 3273 8940 3057 6408 0 0
0400050 4 3480 1737 0 1824 847 0 0 7144 1305 2449 2721 387 108 1041 672 894 534 801 3877 2151 6219 2250 4383 0 0
0400093 4 4407 2247 0 2529 1131 0 0 8892 1590 3321 3108 417 198 1500 1056 1515 867 948 5238 2964 8139 2547 6174 0 0
0400101 4 4836 2460 0 3570 1350 0 0 9933 1620 4032 3423 438 279 1836 1311 1596 870 984 6306 3258 9309 2670 7089 0 0
0400102 4 5358 2463 0 3369 1326 0 0 10521 1596 4233 3291 378 291 1938 1635 1554 849 1038 6549 3087 9864 2337 7053 0 0
0400104 4 6006 2493 0 4047 1596 0 0 11499 1995 5166 3519 606 198 2427 1686 1842 714 1053 8199 3993 11637 3588 8877 0 0
0400105 4 8591 4308 0 4641 2136 0 0 17696 3135 6435 5843 858 426 3039 1635 2427 1215 2088 10332 5525 15551 5429 11207 0 0
0400108 4 3009 1323 0 1812 747 0 0 5727 1047 2292 1695 330 207 1032 975 873 405 567 3654 1908 5436 1578 4128 0 0
0400110 4 3660 1380 0 1794 843 0 0 6651 927 2244 1689 384 72 1053 1236 1140 399 612 3681 2196 6081 1434 4254 0 0
0400111 4 4464 2292 0 3078 1086 0 0 9069 1536 3477 2847 408 228 1779 1380 1371 786 942 5664 3060 8490 2454 6441 0 0
0400112 4 5328 2007 0 3132 1068 0 0 9726 1668 3612 3366 414 279 1674 1431 1806 648 885 5700 3291 9513 2718 7107 0 0
0400113 4 3972 1566 0 1872 798 0 0 7329 1170 2712 2061 282 159 1170 1269 1014 423 711 4164 2385 6753 1857 4683 0 0
0400114 4 4689 2115 0 3468 1191 0 0 9294 1701 3912 3252 426 414 1608 1176 1671 699 942 5946 2937 8913 2589 6780 0 0
0400116 4 3792 2109 0 2973 1014 0 0 7857 1320 3489 2808 291 165 1518 840 1293 609 843 5298 2556 7551 2304 5880 0 0
0400118 4 4854 2001 0 2967 1017 0 0 9687 1773 3405 2613 426 171 2070 1362 1722 573 1134 5901 2844 9171 2628 6234 0 0
0400120 4 4413 2334 0 3453 1035 0 0 9174 1527 3606 2751 429 252 2127 1128 1233 630 1053 6162 2697 8850 2631 6471 0 0
0400121 4 4995 2307 0 3273 906 0 0 9456 1641 3648 2910 546 234 1722 1449 1389 636 1089 5916 3054 9288 2376 6882 0 0
0400123 4 4200 1626 0 3051 849 0 0 8109 1389 3177 2649 321 168 1572 1245 1356 621 846 5070 2967 8187 2454 5880 0 0
0400124 4 3639 1695 0 2790 942 0 0 7335 1203 2841 2433 519 213 1533 840 1578 579 750 4893 2286 7167 2283 5340 0 0
0400126 4 2358 768 0 1584 495 0 0 4722 1071 1776 1554 156 96 912 639 867 285 489 2844 1587 4773 1602 3087 0 0
0400145 4 4881 2325 0 2385 1084 0 0 10399 1863 3652 3003 444 63 1656 1131 1476 492 1311 5752 3105 8883 3090 5508 0 0
0400191 4 2937 1161 0 2031 492 0 0 5520 966 1818 1788 318 183 1053 1071 792 354 597 3189 1968 5520 1527 4209 0 0
0401001 4 3528 1623 0 2268 825 0 0 6972 1197 2460 2334 381 156 1407 1017 903 552 690 4248 2301 6591 1965 4902 0 0
0401002 4 3873 1613 0 2342 837 0 0 7360 1149 2735 2120 420 123 1191 1167 1218 518 777 4346 2360 6998 1761 4896 0 0
0401003 4 4008 1863 0 2526 792 0 0 7230 1134 2664 2346 384 309 1488 1245 1194 648 738 4536 2709 7248 1920 5832 0 0
0401004 4 3678 1376 0 2213 837 0 0 7051 1245 2797 2172 288 279 1020 1029 1233 468 678 4105 2259 6650 1926 4764 0 0
0401006 4 4548 1899 0 2488 897 0 0 8665 1620 2803 2709 465 243 1587 1350 1260 690 1077 4855 2793 8188 2397 5772 0 0
0401007 4 4188 1770 0 2589 819 0 0 7857 1383 3120 2649 276 180 1416 978 1422 534 852 4812 2349 7746 1962 5481 0 0
0401008 4 2601 978 0 1662 609 0 0 4833 978 1788 1635 255 135 1002 720 705 432 573 3045 1719 4851 1620 3594 0 0
0401009 4 2844 888 0 1635 651 0 0 5118 876 1713 1791 216 207 867 615 936 234 528 2796 1719 4914 1536 3609 0 0
0401011 4 2874 1299 0 1692 861 0 0 5847 1098 2028 1653 300 150 1206 996 786 435 690 3534 1941 5298 1683 3927 0 0
0401013 4 4827 1800 0 2573 1020 0 0 8993 1419 3315 2324 453 309 1455 1824 1401 585 687 5223 3099 8361 1953 5997 0 0
0401045 4 3018 1548 0 2085 591 0 0 6243 1113 2808 1749 231 117 1086 924 1029 390 585 4125 2124 5934 1749 4245 0 0
0401046 4 3429 1267 0 1974 558 0 0 6285 1137 2103 2244 408 171 1009 789 1191 414 552 3520 1920 6096 1776 4438 0 0
0401047 4 2499 1314 0 1569 555 0 0 5184 1068 2010 1548 297 90 951 777 675 522 579 3258 1629 4950 1428 3582 0 0
0401048 4 3606 1662 0 2354 783 0 0 6975 1212 3123 2109 233 135 1302 1050 1074 498 606 4658 2418 6833 1950 5078 0 0
0401049 4 4011 1678 0 2334 747 0 0 7768 1461 2718 2482 303 186 1401 1065 1050 613 822 4422 2599 7503 2337 5208 0 0
0401050 4 3135 1458 0 1734 612 0 0 5805 957 2115 1626 273 75 1269 969 921 408 555 3657 2082 5625 1485 4164 0 0
0401051 4 4575 1865 0 2724 945 0 0 8750 1629 3036 3084 399 237 1505 1395 1353 621 807 4940 2916 8370 2418 6222 0 0
0401090 4 3126 1137 0 1977 627 0 0 5499 849 1815 2151 291 195 1101 828 999 459 405 3207 2142 5622 1887 4482 0 0
0401091 4 2991 1488 0 2229 771 0 0 5970 948 2370 2124 231 219 1236 885 789 486 528 3837 2034 5652 1563 4545 0 0
0401201 4 3129 1422 0 2424 777 0 0 6438 1203 2433 1974 465 249 1446 897 963 399 600 4344 1947 6336 1752 4563 0 0
0401202 4 4695 1767 0 2595 918 0 0 8718 1374 2751 2778 519 180 1371 1239 1443 666 960 4641 3153 8238 2685 5745 0 0
0401204 4 3858 1530 0 2640 888 0 0 7998 1533 3018 2292 411 339 1473 1125 1323 405 645 4902 2394 7407 2148 5094 0 0
0401205 4 3804 1488 0 2517 1164 0 0 7863 1242 3270 1950 429 129 1371 1263 1257 435 684 5070 2244 7290 1860 4902 0 0
0401206 4 3249 1491 0 2271 906 0 0 6978 1395 2892 2106 330 129 1164 870 1020 654 789 4386 2217 6603 1932 4446 0 0
0401207 4 4527 1746 0 2616 1158 0 0 9009 1533 3150 2697 495 273 1341 1176 1542 747 1134 4986 2796 8256 2529 5541 0 0
0401210 4 5178 1872 0 2421 999 0 0 9036 1461 2874 2865 501 285 1467 1407 1470 693 891 4842 3213 8649 2541 6285 0 0
0401211 4 2115 867 0 1179 369 0 0 3690 537 1332 987 69 57 753 909 615 216 270 2154 1443 3612 819 2910 0 0
0401212 4 3123 1434 0 1833 624 0 0 5901 1071 2139 2211 216 132 924 729 1239 504 678 3279 2274 5748 2079 4290 0 0
0401214 4 4059 1689 0 2481 780 0 0 7953 1554 3471 2337 327 309 981 1173 1350 441 735 4779 2685 7569 2361 5604 0 0
0401216 4 3237 1299 0 2505 645 0 0 6357 1179 2295 2103 396 279 1191 843 990 504 864 3882 2049 6438 1809 4533 0 0
0401217 4 3441 1665 0 2604 849 0 0 6975 1281 3165 2232 294 291 1311 858 1083 507 708 4770 2082 6819 1896 5148 0 0
0401218 4 2280 1119 0 1686 642 0 0 4533 852 1830 1461 306 192 930 678 615 438 531 3066 1629 4401 1329 3468 0 0
0401219 4 3126 1614 0 2088 1062 0 0 6339 1218 2589 2397 312 264 1110 564 867 543 843 4011 1899 5868 1821 4743 0 0
0401220 4 2607 900 0 1659 690 0 0 4893 813 1641 1587 276 213 903 717 789 315 444 2820 1293 4659 1293 3405 0 0
0402002 4 2481 1167 0 1731 558 0 0 4776 660 1968 1722 183 183 780 687 753 408 399 2931 1644 4515 1215 3486 0 0
0402003 4 2973 1245 0 1901 762 0 0 6152 1227 2330 1881 303 258 999 969 735 432 714 3632 1575 5723 1491 3963 0 0
0402030 4 4278 1644 0 2604 993 0 0 8148 1269 2709 2277 516 129 1551 1314 1353 489 813 4776 2415 7686 2019 5244 0 0
0402033 4 4065 1773 0 2277 963 0 0 8397 1485 3150 2121 408 204 1461 1368 1056 405 876 5019 2334 7467 2127 4995 0 0
0402034 4 4413 2343 0 2073 900 0 0 7959 1185 3201 2502 207 252 1422 1263 1581 762 582 4830 3129 7260 1776 5832 0 0
0500072 5 23187 9239 0 12069 4713 0 0 44351 7758 17792 13557 2376 1131 6891 5859 6726 2322 2892 27059 12012 41022 9117 25260 0 0
0500073 5 23132 10538 0 12018 4689 0 0 41454 5653 16486 14135 1749 1599 6084 6807 6189 3068 3353 24319 12893 38625 8193 28595 0 0
0500074 5 42161 15162 0 17397 6639 0 0 72439 12233 28157 24588 3030 1254 8655 12231 11151 4062 5231 39842 21438 69514 13698 46419 0 0
0500075 5 39291 14823 0 17451 8279 0 0 73891 14000 28207 23799 3009 1839 12111 9336 10419 3960 5115 43327 18942 68162 15066 39870 0 0
0500077 5 17034 6753 0 7803 3171 0 0 30893 5120 11159 11913 1500 774 5007 3612 4593 1890 1629 17666 8226 28592 5307 17274 0 0
0500079 5 26835 9137 0 10523 4611 0 0 44485 5780 14407 17726 1815 1251 5607 7143 5784 2760 3627 21829 12567 41318 8751 27227 0 0
0500080 5 24258 10577 0 13143 5133 0 0 45975 7275 17324 15576 2661 1323 7437 5676 6846 2913 3687 27422 12459 42183 9981 27665 0 0
0500082 5 30941 11940 0 13443 5625 0 0 54695 7593 18024 21926 2973 1476 8034 6225 7710 3342 3642 29031 14775 49748 11136 30386 0 0
0500083 5 24591 10902 0 12597 5039 0 0 45317 6930 17613 15489 2055 1344 6377 7329 6492 3471 3609 26045 14034 41976 9651 30381 0 0
0500084 5 34983 12111 0 14766 6543 0 0 65209 12760 25375 24492 2976 1389 8886 6282 8628 3453 3759 37237 14874 60205 11523 31515 0 0
0500085 5 31688 13593 0 15396 7185 0 0 59663 8733 21351 18465 2766 1659 10098 7875 9890 3843 4923 34215 17630 53303 13056 35553 0 0
0500086 5 19173 9579 0 9870 4431 0 0 36441 5505 13344 12075 2043 1236 6681 4893 5664 2775 2907 22068 11091 32751 7824 23286 0 0
0500087 5 30294 12213 0 15894 6195 0 0 58042 10618 25042 20625 2709 1365 8001 4935 8667 3123 4401 35752 14034 54562 11586 31272 0 0
0500088 5 20700 8865 0 12606 4785 0 0 39689 6041 16613 13740 2301 939 6759 3861 5973 2427 3084 25673 10365 37895 8544 23367 0 0
0500090 5 21605 10211 0 11217 5250 0 0 40811 5694 15818 13359 1767 996 7281 4581 6867 2880 3242 24866 11346 36743 7983 23642 0 0
0500092 5 19469 8508 0 9585 4596 0 0 37493 6270 14754 11322 1377 1068 5958 4689 5760 2316 3605 22089 10008 33707 7203 20256 0 0
0500093 5 24225 9020 0 10050 4488 0 0 42252 6043 14220 15165 1452 1086 6327 5109 6945 2628 3597 21999 11550 38458 7977 22767 0 0
0500094 5 25350 10113 0 10572 6188 0 0 45859 6593 16624 13803 1851 1488 7608 6972 6768 2739 3792 26083 12456 40685 8886 26436 0 0
0500095 5 29148 11883 0 12423 6726 0 0 55939 11653 24196 20577 1767 1863 8727 5865 6195 3369 2772 34690 11496 50953 8106 28008 0 0
0500098 5 31512 13542 0 19134 6792 0 0 60589 10297 24019 18012 3321 2589 10368 6798 11115 3459 5628 37708 16683 57418 13614 37902 0 0
0500099 5 33729 9322 0 13134 5546 0 0 55371 7501 18400 21627 2670 1596 6678 7335 8043 2853 2673 27748 14025 51829 9831 29890 0 0
0500100 5 29402 14070 0 15918 7702 0 0 57311 8811 22267 17838 3102 1755 10787 7212 8742 3658 4548 36156 16343 51563 12309 34794 0 0
0500101 5 24819 9656 0 10595 6110 0 0 43915 5962 15719 15897 1554 1536 7484 6267 5607 2871 3126 24757 10863 39414 7880 25551 0 0
0500102 5 5961 2637 0 2982 1341 0 0 10795 1264 4195 3480 648 468 1533 1431 1716 690 639 6376 2898 9601 1842 6240 0 0
0500103 5 21951 9107 0 11177 5106 0 0 41813 6671 17191 12729 2268 1161 6251 5469 6361 2355 2678 25710 10821 37867 7689 23951 0 0
0500105 5 23753 10329 0 12117 4215 0 0 41660 5535 15885 15479 1893 1230 5877 6816 6135 3165 3120 23655 12504 39407 8088 28385 0 0
0500106 5 22862 10182 0 11325 4611 0 0 41726 6156 15747 15140 1866 1137 5754 5751 6183 3108 4050 23367 13176 38450 9861 27815 0 0
0500107 5 4432 2328 0 2736 989 0 0 9063 1641 3617 3288 441 261 1521 765 1458 645 1039 5579 2745 8320 2826 6063 0 0
0500108 5 4518 1890 0 2420 951 0 0 8208 1356 2841 3048 522 264 1328 1281 1095 759 825 4691 3114 7745 2436 6026 0 0
0500109 5 5675 2686 0 2250 1446 0 0 11711 2109 3781 4421 390 198 1590 876 1569 786 1434 5761 3641 9533 3722 6426 0 0
0500110 5 7722 3753 0 3732 2156 0 0 16097 2931 5522 4932 699 216 2763 1641 2346 972 2028 8984 4212 13692 4608 9333 0 0
0500111 5 5516 3372 0 2577 1434 0 0 12686 2715 4397 4005 399 180 2250 990 1494 805 1794 7046 3534 10418 4160 6845 0 0
0500112 5 4584 2424 0 2706 984 0 0 9714 1785 3729 3597 423 228 1344 741 1437 699 1119 5496 3072 8610 3192 6072 0 0
0500113 5 7034 3024 0 2850 1596 0 0 14372 2754 4860 4577 402 330 2049 1638 1743 768 1869 7311 4142 12167 4301 7958 0 0
0500114 5 5356 2561 0 2631 1329 0 0 10709 1779 3957 3624 417 273 1728 1023 1827 827 1011 6102 3427 9343 3035 6437 0 0
0500115 5 6163 3072 0 2921 1827 0 0 13593 2484 4878 4390 450 159 2309 1155 1824 690 1509 7637 4030 11106 4095 7432 0 0
0500116 5 3195 1565 0 1718 792 0 0 6711 1362 2481 2313 305 153 1205 417 1194 435 714 3991 1935 5963 2232 4165 0 0
0500121 5 6651 3690 0 3321 1477 0 0 14581 2964 4543 4719 549 294 3003 1167 1701 816 2031 8095 4254 12381 5055 8211 0 0
0500122 5 7020 3828 0 2646 1782 0 0 14340 2184 4656 4908 660 210 2286 1227 1842 1005 1554 7602 4377 11460 4164 8031 0 0
0500123 5 6401 4041 0 2190 1785 0 0 14192 2418 4038 4902 447 144 2949 840 1758 1023 1838 7434 4608 10742 4869 7374 0 0
0500124 5 3864 1317 0 2100 747 0 0 7230 1227 2511 2571 327 207 1134 705 1110 255 777 3972 2277 6741 2289 4467 0 0
0500126 5 5981 2935 0 2670 1548 0 0 12684 2355 4399 4337 405 180 1989 1206 1626 894 1482 6793 4106 10652 4208 7178 0 0
0500127 5 11055 5553 0 5448 2580 0 0 22680 4053 7986 7227 810 516 3831 2619 3363 1563 2805 12627 7401 19479 7125 13824 0 0
0500128 5 7049 3543 0 4101 1593 0 0 14955 3100 5310 5060 867 489 2313 1434 1806 1080 2005 8490 4814 13416 5178 9362 0 0
0500129 5 4608 1620 0 3456 1575 0 0 9321 1623 3858 3171 471 429 1635 1188 1644 699 816 5964 2733 8871 2541 6432 0 0
0500130 5 4914 1932 0 3213 1275 0 0 9480 1584 3564 2730 546 231 1794 1506 1452 522 996 5904 2898 9078 2622 6486 0 0
0500131 5 4383 2313 0 3267 1104 0 0 8913 1533 3654 3111 345 240 1815 1095 1350 723 966 5814 2802 8547 2571 6573 0 0
0500132 5 5936 2685 0 3108 1286 0 0 11068 1746 4376 3305 339 348 1896 1788 1730 930 1065 6611 3869 10259 2678 7811 0 0
0500133 5 5424 2190 0 3501 1206 0 0 11127 1905 4032 3024 444 366 2058 1629 1812 696 1143 6534 3435 10173 2937 6861 0 0
0500134 5 3354 1453 0 1875 873 0 0 6762 1182 2571 2047 255 183 1077 1002 1113 502 678 3903 2233 5973 1791 4006 0 0
0500135 5 5451 2625 0 3312 1218 0 0 10248 1413 4194 2937 381 264 1908 1689 1434 765 1041 6483 3300 9651 2628 7569 0 0
0500136 5 3612 1527 0 2436 879 0 0 7119 1260 2601 2409 354 201 1281 861 1176 615 906 4236 2385 6891 2169 4908 0 0
0500137 5 11407 5721 0 6108 3192 0 0 23575 4170 8631 8557 855 627 3993 2469 3210 2019 2640 13479 7345 20488 6946 14767 0 0
0500138 5 6504 3531 0 2349 1647 0 0 13425 2379 4578 4491 438 261 2253 1284 1782 801 1365 7269 4290 10740 4122 7698 0 0
0500139 5 9162 4315 0 4995 2585 0 0 18240 3162 6693 6291 807 495 2970 2088 3129 1500 2133 10470 6117 16323 5364 12024 0 0
0500140 5 7435 3981 0 2838 2115 0 0 15823 2574 5313 5152 414 225 2679 1308 1998 888 1716 8406 4696 12235 4978 8296 0 0
0500141 5 5805 2835 0 3729 1149 0 0 11355 1899 4506 3438 435 267 2124 1701 1806 786 1080 7065 3837 10752 3249 8079 0 0
0500142 5 4011 2484 0 2484 971 0 0 8781 1581 3624 3041 417 207 1494 519 1269 572 1065 5535 2465 7698 2706 5360 0 0
0500143 5 4677 1977 0 3861 1090 0 0 9235 1668 3628 3498 600 402 1722 1017 1566 870 1125 5950 3147 9426 2862 7185 0 0
0500144 5 4359 1923 0 3684 1332 0 0 8943 1740 4053 2958 549 387 1755 1167 1560 750 909 6357 2700 9036 2385 6693 0 0
0500146 5 4962 2325 0 4070 1374 0 0 10257 1581 4217 3093 504 300 2352 1377 1515 675 981 7073 3111 9962 2880 7430 0 0
0500147 5 3936 2052 0 2643 897 0 0 8181 1503 3549 2469 429 165 1518 1011 1308 609 837 5496 2532 7746 2115 5421 0 0
0500148 5 4686 1608 0 2949 1110 0 0 9642 1779 3231 2532 417 231 1944 1314 1809 537 1017 5592 3081 8946 3006 5778 0 0
0500150 5 5628 2528 0 3237 1025 0 0 10473 1595 3688 3162 450 258 2027 1599 1470 615 1203 6165 3219 9905 2592 7215 0 0
0500154 5 4599 1803 0 3126 927 0 0 8454 1404 3198 2955 579 330 1602 1245 1695 582 777 5379 2880 8538 2604 6513 0 0
0500155 5 2052 1009 0 1419 539 0 0 4295 777 1730 1285 225 75 798 732 678 352 372 2753 1423 4047 1134 2911 0 0
0500156 5 6075 2793 0 3618 1224 0 0 11430 1677 4299 3687 555 192 1947 1956 1809 900 1053 6801 3915 10722 2907 8313 0 0
0500160 5 5418 2436 0 3902 1677 0 0 10941 1869 4218 3552 593 351 2367 1626 1518 777 888 7178 3222 10391 2937 7877 0 0
0500161 5 3651 2073 0 2862 1071 0 0 7896 1347 3432 2757 315 189 1518 942 1200 672 714 5265 2517 7296 2211 5634 0 0
0500168 5 4187 1678 0 3168 1044 0 0 8462 1458 3480 2611 501 111 1561 1281 1368 576 883 5542 2844 8426 2373 6056 0 0
0500174 5 3804 1785 0 3080 870 0 0 7218 1137 3245 2475 333 258 1422 840 1650 732 534 5000 2877 7526 2127 5837 0 0
0500178 5 6249 2940 0 3795 1200 0 0 12108 2004 4581 3828 543 234 2493 1806 2277 933 930 7617 3963 11487 3102 8358 0 0
0500186 5 2817 1146 0 2247 840 0 0 5703 951 2367 1905 276 117 1179 810 885 462 573 3822 1842 5700 1530 4101 0 0
0500197 5 4275 1788 0 2472 1287 0 0 8310 1308 3231 2637 384 315 1326 1215 1356 618 918 4941 2382 7503 1947 5418 0 0
0500198 5 3237 1273 0 2089 1052 0 0 6437 1008 2627 2045 375 171 1113 930 966 473 486 4115 1976 5968 1560 4319 0 0
0500999 5 144 24 0 0 0 0 0 186 42 0 99 0 0 0 33 0 24 78 0 117 186 102 117 0 0
0000501 0 4257 2229 0 2847 1332 0 0 8505 1737 3429 2916 252 267 1761 1521 1110 1059 795 5442 3192 8046 2103 6840 0 0
0501014 5 3432 1869 0 2178 810 0 0 7089 1311 2793 2268 312 141 1398 798 1314 603 678 4503 2283 6579 1839 4671 0 0
0501015 5 3792 1452 0 2412 615 0 0 7236 1206 2484 1869 384 141 1413 1359 1149 462 741 4281 2535 7080 1806 4845 0 0
0501016 5 4017 2081 0 2589 834 0 0 7985 1326 3134 2511 537 195 1329 1050 1482 744 678 5000 2382 7461 1788 5424 0 0
0501017 5 3090 1254 0 2388 648 0 0 6198 1125 2313 1977 453 201 1185 924 975 486 555 3951 1896 6222 1641 4437 0 0
0501018 5 3063 1443 0 2255 701 0 0 6083 1137 2810 1899 338 147 1143 771 906 405 633 4291 1878 6176 1803 4586 0 0
0501020 5 1119 519 0 942 312 0 0 2316 333 768 750 174 66 534 153 483 207 243 1476 696 2235 663 1494 0 0
0501021 5 4563 2313 0 3218 1140 0 0 9392 1530 3747 2562 468 228 2081 1359 1290 567 960 6296 2886 8819 2426 6207 0 0
0501022 5 3993 1971 0 2403 816 0 0 7629 1266 2718 2412 447 144 1512 1041 1119 609 897 4677 2505 7302 2010 5415 0 0
0501024 5 3594 1398 0 1965 843 0 0 6768 1098 2232 2304 318 222 1296 825 1095 390 753 3846 2271 6171 1947 4326 0 0
0501025 5 4677 1355 0 2666 945 0 0 8735 1299 3236 2295 474 90 1184 1497 1458 474 837 4894 2757 8372 2163 5186 0 0
0501027 5 3813 1506 0 2661 900 0 0 7659 1200 3135 1995 348 240 1320 1179 1218 447 795 4803 2274 7242 1851 4944 0 0
0501028 5 3495 1756 0 2199 858 0 0 7065 1242 2658 2098 531 228 1266 1065 1110 616 681 4455 2221 6516 1665 4720 0 0
0501029 5 4503 1938 0 2508 885 0 0 8319 1332 2985 2622 450 306 1458 1428 990 609 933 4893 2901 7836 2247 5790 0 0
0501031 5 3654 1650 0 2061 681 0 0 6828 1227 2346 2043 279 156 1320 1203 1044 489 684 3945 2703 6570 2004 4998 0 0
0501032 5 4668 1956 0 2724 1077 0 0 8727 1176 3450 2709 456 84 1317 1353 1404 771 729 5223 2964 8172 1920 5805 0 0
0501034 5 2793 1119 0 1980 570 0 0 5370 1140 2031 1851 261 225 1038 831 894 381 558 3330 1911 5460 1728 4125 0 0
0501035 5 5061 1914 0 2700 1218 0 0 9237 1320 3135 3102 498 300 1587 1281 1701 684 813 5220 3090 8523 2472 6327 0 0
0501037 5 2733 1158 0 1902 677 0 0 5444 942 2360 1659 210 147 915 732 900 414 492 3485 1545 5253 1215 3636 0 0
0501038 5 4455 1815 0 2373 1142 0 0 8684 1743 3332 2415 456 222 1587 1359 1338 594 825 5375 2850 8091 2292 5733 0 0
0501039 5 3174 1410 0 2226 891 0 0 6228 1050 2304 2283 336 351 1119 864 816 510 642 3759 1917 5835 1575 4638 0 0
0501041 5 3189 1686 0 2514 1008 0 0 6963 1251 2835 1989 462 129 1446 1014 996 603 741 4743 2181 6597 1794 4725 0 0
0501042 5 2301 1065 0 2232 528 0 0 4548 609 1995 1665 285 168 996 489 816 411 321 3276 1689 4800 1233 3645 0 0
0502025 5 3549 1290 0 2394 1101 0 0 6993 1119 2613 2310 411 420 1242 840 1236 480 600 4266 2112 6507 1803 4761 0 0
0502026 5 3594 1215 0 2130 831 0 0 6804 1158 2139 2274 357 192 1212 747 1374 492 819 3708 2373 6441 1968 4305 0 0
0502029 5 3021 1497 0 1734 807 0 0 6018 1155 2229 2091 333 258 1116 714 921 438 624 3678 2022 5460 1800 4179 0 0
0502032 5 3561 2019 0 2463 858 0 0 7119 1047 3225 2670 345 321 1188 774 1050 582 534 4758 2328 6549 2115 5289 0 0
0502043 5 4398 2085 0 2595 1416 0 0 8670 1485 3726 2862 288 192 1677 1224 1362 810 765 5691 2946 8079 2280 6198 0 0
0502044 5 4293 1608 0 2631 1110 0 0 8547 1485 2910 2769 429 330 1554 1077 1248 435 915 4893 2448 7716 2322 5424 0 0
0502045 5 2847 1104 0 2013 774 0 0 6045 1116 2529 1476 369 153 837 1053 855 378 747 3735 1908 5712 1767 3879 0 0
0000053 0 3134 1319 0 1386 606 0 0 5917 1149 2115 1754 261 150 882 929 918 479 597 3258 2066 5447 1497 3755 0 0
0000054 0 1782 956 0 1248 427 0 0 3370 555 1525 1117 183 114 649 411 681 334 303 2357 1234 3426 927 2687 0 0
0000056 0 2145 1059 0 1593 525 0 0 4332 882 1887 1434 264 87 885 492 840 255 450 3036 1344 4356 1317 3363 0 0
0000057 0 2430 878 0 1212 399 0 0 4086 633 1404 1619 234 108 615 477 1140 362 312 2253 1790 4086 1515 3239 0 0
0000059 0 2304 1221 0 1788 648 0 0 4845 921 2157 1386 162 126 1014 594 645 432 615 3333 1572 4725 1359 3576 0 0
0000063 0 1725 945 0 966 462 0 0 3528 663 1332 1251 66 96 675 477 465 489 336 2073 1389 3189 1083 2478 0 0
0000064 0 2298 916 0 1512 465 0 0 4317 831 1605 1632 123 141 871 585 729 261 453 2599 1455 4254 1359 3253 0 0
0000066 0 2234 1295 0 1719 414 0 0 4343 729 2019 1542 198 66 881 741 624 438 329 3098 1596 4436 1176 3665 0 0
0000069 0 2286 963 0 963 456 0 0 3922 516 1608 1509 177 39 594 561 525 237 228 2379 1620 3681 1344 3089 0 0
0000071 0 2319 1362 0 1515 488 0 0 4322 663 1931 1386 162 120 906 687 636 273 384 2999 1626 4269 1263 3798 0 0
0000078 0 1287 660 0 774 351 0 0 2490 495 999 915 93 54 507 339 567 279 174 1599 948 2361 804 1992 0 0
